######################################################################
### ('iOS-wifi',)
######################################################################

#### constant
train examples kept: 2060079 / 3317278 (62%)
valid examples kept: 414660 / 414660 (7%)
test examples kept: 15777 / 414660 (4%)
[366.12036868489025, 369.33034210073919, 396.98605565063065]
[161.38619344209616, 172.53512119649304, 181.98681625150536] [] 0
L1, L2, relative errors (train) 161.386193442 268.23684662 47.9514259319
L1, L2, relative errors (test) 181.986816252 331.466105425 66.7970582934
class-wise:
[[ 173.02673797  284.30226063]
 [ 181.83135656  337.87069201]
 [ 186.98866377  337.46574999]
 [ 179.1569873   326.00806805]
 [ 177.37819947  324.20604562]
 [ 193.56832695  356.01728042]]
classification accuracy 0.349242568296
confusion matrix:
[[   0    0    0  374    0    0]
 [   0    0    0 2698    0    0]
 [   0    0    0 4146    0    0]
 [   0    0    0 5510    0    0]
 [   0    0    0 2266    0    0]
 [   0    0    0  783    0    0]]
class-wise:
[[ 0.51345   0.5       0.5       0.5       0.5       0.5     ]
 [ 0.5       0.505775  0.5       0.5       0.5       0.5     ]
 [ 0.5       0.5       0.504865  0.5       0.5       0.5     ]
 [ 0.5       0.5       0.5       0.50271   0.5       0.5     ]
 [ 0.5       0.5       0.5       0.5       0.501845  0.5     ]
 [ 0.5       0.5       0.5       0.5       0.5       0.50122 ]]
('ordering accuracy (max_delay=5000.0, 100% kept)', 0.50090800000000002)
ordering accuracy normalized by source IP (max delay=5000.0 ms, 76% kept): 0.501172893667

#### distance
train examples kept: 2060079 / 3317278 (62%)
valid examples kept: 414660 / 414660 (7%)
test examples kept: 15777 / 414660 (4%)
[366.12036868489025, 369.33034210073919, 396.98605565063065]
[161.38619344209616, 172.53512119649304, 181.98681625150536] [] 0
[149.32597729423185, 161.7769450662766, 178.56138555449797] ['distance'] 0
L1, L2, relative errors (train) 149.325977294 270.185508213 36.2695219231
L1, L2, relative errors (test) 178.561385554 336.152672538 65.8363192725
class-wise:
[[ 193.81512396  371.74305729]
 [ 179.18175314  340.47999156]
 [ 178.3959753   332.48206028]
 [ 176.50714529  331.95996766]
 [ 182.07877138  344.10447669]
 [ 174.29013209  328.5251298 ]]
classification accuracy 0.342967611079
confusion matrix:
[[   0  333   41    0    0    0]
 [   0  536 2037  125    0    0]
 [   0  233 1596 2317    0    0]
 [   0  239 1992 3279    0    0]
 [   0  206 1102  958    0    0]
 [   0   96  338  349    0    0]]
class-wise:
[[ 0.628925   0.91369    0.9728     0.97868    0.953385   0.93841  ]
 [ 0.91369    0.69848    0.8227125  0.8390525  0.740015   0.7013   ]
 [ 0.9728     0.8227125  0.625255   0.53946    0.41938    0.4227875]
 [ 0.97868    0.8390525  0.53946    0.431305   0.390725   0.388865 ]
 [ 0.953385   0.740015   0.41938    0.390725   0.499005   0.4884975]
 [ 0.93841    0.7013     0.4227875  0.388865   0.4884975  0.4735   ]]
('ordering accuracy (max_delay=5000.0, 100% kept)', 0.597858)
ordering accuracy normalized by source IP (max delay=5000.0 ms, 76% kept): 0.631561529882

#### countries
train examples kept: 2060079 / 3317278 (62%)
valid examples kept: 414660 / 414660 (7%)
test examples kept: 15777 / 414660 (4%)
[366.12036868489025, 369.33034210073919, 396.98605565063065]
[161.38619344209616, 172.53512119649304, 181.98681625150536] [] 0
[116.88502425921351, 131.45091314710723, 143.94005423989103] ['country1' 'country2'] 0.625
L1, L2, relative errors (train) 116.885024259 244.182428586 25.9151891546
L1, L2, relative errors (test) 143.94005424 309.862430708 53.2154343768
class-wise:
[[ 150.76097146  346.96634422]
 [ 145.6951744   306.4302504 ]
 [ 142.86899896  309.05982423]
 [ 141.8426155   304.17060596]
 [ 146.00135693  323.33832084]
 [ 149.09999485  306.90821393]]
classification accuracy 0.520124231476
confusion matrix:
[[   0  372    2    0    0    0]
 [   0 1667  937   94    0    0]
 [   0  559 1970 1605   12    0]
 [   0  184  723 4197  406    0]
 [   0  159  331 1402  371    3]
 [   0   90  152  479   61    1]]
class-wise:
[[ 0.521735   0.884815   0.9839875  0.9920325  0.9755175  0.9726225]
 [ 0.884815   0.70019    0.8502475  0.9545925  0.9238525  0.8835825]
 [ 0.9839875  0.8502475  0.64959    0.7942075  0.7730875  0.67088  ]
 [ 0.9920325  0.9545925  0.7942075  0.61249    0.5371375  0.4034075]
 [ 0.9755175  0.9238525  0.7730875  0.5371375  0.45279    0.3856175]
 [ 0.9726225  0.8835825  0.67088    0.4034075  0.3856175  0.471905 ]]
('ordering accuracy (max_delay=5000.0, 100% kept)', 0.74264600000000003)
ordering accuracy normalized by source IP (max delay=5000.0 ms, 76% kept): 0.684836432968

#### full
train examples kept: 2060079 / 3317278 (62%)
valid examples kept: 414660 / 414660 (7%)
test examples kept: 15777 / 414660 (4%)
[366.12036868489025, 369.33034210073919, 396.98605565063065]
[161.38619344209616, 172.53512119649304, 181.98681625150536] [] 0
[149.32597729423185, 161.7769450662766, 178.56138555449797] ['distance'] 0
[149.32597729424455, 161.77694484302279, 178.56138557749173] ['type1'] 2.5
[149.32597729424495, 161.77694484302319, 178.56138557749168] ['type2'] 10.0
[149.32597729424495, 161.77694484302319, 178.56138557749168] ['type1' 'type2'] 10.0
[134.11916350997689, 145.11994286611272, 155.20081836321469] ['country1'] 18.3125
[124.78760575917593, 136.2609066120792, 148.90541233040901] ['country2'] 42.375
[124.51905777307, 135.9828892982421, 148.74721669397562] ['same_country'] 286564.375
[116.56401674816181, 130.64113019702808, 143.22712944655018] ['country1' 'country2'] 2.5
[116.56367866083507, 130.6410607823334, 143.22716074317472] ['country1' 'country2' 'type1' 'type2'] 4603.75
[115.9228734087559, 129.99107512114776, 142.97453882406271] ['region1'] 659.9375
[114.54051042915371, 129.00448686500766, 142.40838167762641] ['region2'] 55.625
[114.51014173625006, 128.98793509078064, 142.33300614864294] ['same_region'] 1133.4375
[113.03288496681053, 128.48654907252103, 142.06231764393593] ['region1' 'region2'] 118.125
[112.30432388601216, 128.19804798401634, 141.65021470199127] ['city1'] 109.4375
[111.18453177338588, 127.95350367314818, 141.21133491179734] ['city2'] 84.375
[111.18453177338584, 127.95350367314809, 141.21133491179765] ['same_city'] 8.7369832771e+17
[111.18453177334573, 127.95350367314848, 141.21133491179813] ['city1' 'city2'] 4.67292441806e+12
[108.17632574183531, 127.624292287006, 141.06828975133266] ['ip1'] 57.75
[96.334891624009828, 127.07485300913595, 140.52659832266644] ['ip2'] 17.0
[80.791453566890496, 127.07442542456336, 140.51085746705587] ['ip1' 'ip2'] 6.75
L1, L2, relative errors (train) 80.7914535669 176.274461392 17.4634883283
L1, L2, relative errors (test) 140.510857467 307.006365806 50.8966252119
class-wise:
[[ 112.35291243  235.08097352]
 [ 139.2319607   303.58165382]
 [ 141.71324459  310.40184399]
 [ 141.54681664  310.91326497]
 [ 140.49834172  302.20874163]
 [ 144.74669851  316.94058146]]
classification accuracy 0.535399632376
confusion matrix:
[[  18  342   13    1    0    0]
 [  10 1756  841   90    1    0]
 [   1  465 2145 1514   21    0]
 [   1  178  730 4085  516    0]
 [   0  149  319 1358  439    1]
 [   0   77  162  446   94    4]]
class-wise:
[[ 0.57791    0.8778825  0.98169    0.994235   0.98834    0.985905 ]
 [ 0.8778825  0.716415   0.87146    0.9619275  0.93906    0.915425 ]
 [ 0.98169    0.87146    0.661365   0.8118725  0.78964    0.699905 ]
 [ 0.994235   0.9619275  0.8118725  0.61595    0.54182    0.422795 ]
 [ 0.98834    0.93906    0.78964    0.54182    0.45263    0.405515 ]
 [ 0.985905   0.915425   0.699905   0.422795   0.405515   0.46249  ]]
('ordering accuracy (max_delay=5000.0, 100% kept)', 0.75349200000000005)
ordering accuracy normalized by source IP (max delay=5000.0 ms, 76% kept): 0.686132068217
