######################################################################
### IC2012
######################################################################

#### constant
[289.84035565441951, 299.86497717178685, 302.05659597169347]
[128.06351247956832, 120.48657623937594, 120.06834885923209] [] 0
L1, L2, relative errors (train) 128.06351248 206.429562294 84.4823269046
L1, L2, relative errors (test) 120.068348859 172.509446693 67.1765696151
class-wise:
[[ 120.0546747   171.691132  ]
 [ 120.04287059  172.51812691]
 [ 120.16814051  172.77292473]
 [ 120.04248143  172.58078225]
 [ 119.96243573  172.54533635]
 [ 119.67543068  168.62524491]]
classification accuracy 0.25616460845
confusion matrix:
[[      0       0  791335       0       0       0]
 [      0       0 1102504       0       0       0]
 [      0       0 1913025       0       0       0]
 [      0       0 3044648       0       0       0]
 [      0       0  588751       0       0       0]
 [      0       0   27689       0       0       0]]
class-wise:
[[ 0.50658   0.5       0.5       0.5       0.5       0.5     ]
 [ 0.5       0.50653   0.5       0.5       0.5       0.5     ]
 [ 0.5       0.5       0.505135  0.5       0.5       0.5     ]
 [ 0.5       0.5       0.5       0.50306   0.5       0.5     ]
 [ 0.5       0.5       0.5       0.5       0.50242   0.5     ]
 [ 0.5       0.5       0.5       0.5       0.5       0.500645]]
('ordering accuracy (max_delay=5000.0, 100% kept)', 0.50106099999999998)
ordering accuracy normalized by source IP (max delay=5000.0 ms, 98% kept): 0.503940484143

#### distance
[289.84035565441951, 299.86497717178685, 302.05659597169347]
[128.06351247956832, 120.48657623937594, 120.06834885923209] [] 0
[128.05684441778266, 120.46705680478523, 120.06247626024889] ['distance'] 0
L1, L2, relative errors (train) 128.056844418 206.355196746 84.3297390089
L1, L2, relative errors (test) 120.06247626 172.497570798 67.1260491765
class-wise:
[[ 119.88562176  171.28189127]
 [ 120.12590701  172.68111639]
 [ 120.07993352  172.90381845]
 [ 120.11392268  172.59858199]
 [ 119.85030152  171.85138969]
 [ 120.23959202  174.30003005]]
classification accuracy 0.25616460845
confusion matrix:
[[      0       0  791335       0       0       0]
 [      0       0 1102504       0       0       0]
 [      0       0 1913025       0       0       0]
 [      0       0 3044648       0       0       0]
 [      0       0  588751       0       0       0]
 [      0       0   27689       0       0       0]]
class-wise:
[[ 0.55695    0.61652    0.5301225  0.61421    0.4885375  0.59602  ]
 [ 0.61652    0.55084    0.4549325  0.50547    0.4245725  0.4931925]
 [ 0.5301225  0.4549325  0.443      0.5502425  0.47811    0.5519425]
 [ 0.61421    0.50547    0.5502425  0.4968     0.419145   0.4899325]
 [ 0.4885375  0.4245725  0.47811    0.419145   0.4729     0.5856925]
 [ 0.59602    0.4931925  0.5519425  0.4899325  0.5856925  0.52076  ]]
('ordering accuracy (max_delay=5000.0, 100% kept)', 0.51290500000000006)
ordering accuracy normalized by source IP (max delay=5000.0 ms, 99% kept): 0.504027173623

#### countries
[289.84035565441951, 299.86497717178685, 302.05659597169347]
[128.06351247956832, 120.48657623937594, 120.06834885923209] [] 0
  feature took 291s to run
[112.9146789030227, 89.992005945897532, 91.450889637715505] ['country1' 'country2'] 0.125
  feature took 476s to run
L1, L2, relative errors (train) 112.914678903 197.030973395 64.8364910139
L1, L2, relative errors (test) 91.4508896377 151.791863907 51.1424919081
class-wise:
[[  91.39168633  151.71349823]
 [  91.3918598   152.01516959]
 [  91.38656393  151.65004787]
 [  91.49941519  151.73439051]
 [  91.57358757  152.01610703]
 [  91.99280966  156.40324829]]
classification accuracy 0.515986712287
confusion matrix:
[[  55682  673155   26752   35710      21      15]
 [   8859  748747  274449   70400       7      42]
 [   4403  272057 1156904  479280     337      44]
 [   3347  304551  852201 1882461    1953     135]
 [    548   77794  149942  350958    9388     121]
 [    116    3901    8054   14271    1165     182]]
class-wise:
[[ 0.557005   0.7249325  0.9046025  0.94559    0.9441175  0.905045 ]
 [ 0.7249325  0.593605   0.78729    0.8707525  0.8434425  0.8413275]
 [ 0.9046025  0.78729    0.630695   0.7048725  0.6520475  0.665515 ]
 [ 0.94559    0.8707525  0.7048725  0.557875   0.5041025  0.506395 ]
 [ 0.9441175  0.8434425  0.6520475  0.5041025  0.508195   0.49244  ]
 [ 0.905045   0.8413275  0.665515   0.506395   0.49244    0.48952  ]]
('ordering accuracy (max_delay=5000.0, 100% kept)', 0.72122900000000001)
ordering accuracy normalized by source IP (max delay=5000.0 ms, 99% kept): 0.504121559109

#### full
[289.84035565441951, 299.86497717178685, 302.05659597169347]
[128.06351247956832, 120.48657623937594, 120.06834885923209] [] 0
[128.05684441778266, 120.46705680478523, 120.06247626024889] ['distance'] 0
[128.05684441700816, 120.46705676435461, 120.06247621804634] ['type1'] 10.0
[128.05684441700816, 120.46705676435461, 120.06247621804633] ['type2'] 10.0
[128.05684441700816, 120.46705676435461, 120.06247621804633] ['type1' 'type2'] 10.0
[113.68782308279916, 90.504491887608467, 91.934550835057863] ['country1'] 0.125
[113.64334043656243, 90.368796588925605, 91.809893083820143] ['country2'] 0.125
[113.63762761405911, 90.309058325929811, 91.751125933473404] ['same_country'] 0.125
[112.92534389659765, 90.06197698098552, 91.521508196582289] ['country1' 'country2'] 0.8125
[112.92412139934471, 90.061839794333068, 91.521482003771922] ['country1' 'country2' 'type1' 'type2'] 10.1875
[112.25980422646181, 88.65927402889308, 90.072882324492099] ['region1'] 0.625
[112.11203646137659, 88.240615581843343, 89.627553085416778] ['region2'] 3.1875
[112.11203646138877, 88.240615581847251, 89.627553085426513] ['same_region'] 6.7493521271e+15
[111.37430904412609, 87.880633552054732, 89.264968883474126] ['region1' 'region2'] 3.375
[111.10824192099714, 87.472451674926447, 88.817494741608016] ['city1'] 2.5
[110.9842041736167, 87.321161616949453, 88.651538505565995] ['city2'] 6.5
[110.98420417361677, 87.321161616949766, 88.651538505566691] ['same_city'] 2.25179981369e+16
[110.50969800082044, 86.960512704915018, 88.259621584873742] ['city1' 'city2'] 8.75
[106.09083947630727, 83.443668715280992, 84.673730864156809] ['ip1'] 10.0
[106.09083947630467, 83.443668715281234, 84.673730864156553] ['ip2'] 2.85873023222e+13
L1, L2, relative errors (train) 106.090839476 184.99841909 61.1143786293
L1, L2, relative errors (test) 84.6737308642 143.828960288 47.3685567834
class-wise:
[[  84.7038019   144.39731313]
 [  84.5048819   143.49000214]
 [  84.68249627  143.6714572 ]
 [  84.6739619   143.99563275]
 [  84.91098671  143.43822372]
 [  84.86167214  141.85579077]]
classification accuracy 0.534958982061
confusion matrix:
[[ 126775  527450  102436   34412     147       2]
 [  10485  697645  338995   55178     187       8]
 [   4187  245932 1277715  383988    1174      24]
 [   4355  263890  912238 1856774    7206     183]
 [   1354   63757  155107  333650   34601     281]
 [    531    2978    6956    9821    5864    1538]]
class-wise:
[[ 0.584865   0.7314025  0.8944     0.9386875  0.93826    0.915115 ]
 [ 0.7314025  0.5875     0.818665   0.89586    0.8899525  0.867415 ]
 [ 0.8944     0.818665   0.65772    0.742755   0.744035   0.73281  ]
 [ 0.9386875  0.89586    0.742755   0.57582    0.558455   0.59519  ]
 [ 0.93826    0.8899525  0.744035   0.558455   0.528075   0.55429  ]
 [ 0.915115   0.867415   0.73281    0.59519    0.55429    0.47688  ]]
('ordering accuracy (max_delay=5000.0, 100% kept)', 0.747174)
ordering accuracy normalized by source IP (max delay=5000.0 ms, 89% kept): 0.504406690935
