######################################################################
### AC
######################################################################

#### constant
[158.73559143218654, 164.67942489254619, 164.45894826746994]
[55.09499891992543, 63.458235369751293, 71.333879771383792] [] 0
L1, L2, relative errors (train) 55.0949989199 108.760603348 32.639184723
L1, L2, relative errors (test) 71.3338797714 133.251693992 59.3841378482
class-wise:
[[  71.51682834  127.76231028]
 [  71.27149819  136.29217119]
 [  71.15673376  133.2613819 ]
 [  71.23609031  133.99643271]
 [  72.27969121  130.83870235]
 [  69.38146021  115.05931701]]
classification accuracy 0.48998809163
confusion matrix:
[[     0 182163      0      0      0      0]
 [     0 320120      0      0      0      0]
 [     0  86950      0      0      0      0]
 [     0  52751      0      0      0      0]
 [     0  10104      0      0      0      0]
 [     0   1219      0      0      0      0]]
class-wise:
[[ 0.509835  0.5       0.5       0.5       0.5       0.5     ]
 [ 0.5       0.505435  0.5       0.5       0.5       0.5     ]
 [ 0.5       0.5       0.50569   0.5       0.5       0.5     ]
 [ 0.5       0.5       0.5       0.50332   0.5       0.5     ]
 [ 0.5       0.5       0.5       0.5       0.50169   0.5     ]
 [ 0.5       0.5       0.5       0.5       0.5       0.50106 ]]
('ordering accuracy (max_delay=5000.0, 100% kept)', 0.50213200000000002)
ordering accuracy normalized by source IP (max delay=5000.0 ms, 55% kept): 0.503815418445
#### distance
[158.73559143218654, 164.67942489254619, 164.45894826746994]
[55.09499891992543, 63.458235369751293, 71.333879771383792] [] 0
[43.417428873260654, 47.431706677132688, 55.301529521385035] ['distance'] 0
L1, L2, relative errors (train) 43.4174288733 98.2215551493 25.4754852013
L1, L2, relative errors (test) 55.3015295214 117.277687047 45.9860611758
class-wise:
[[  55.27677591  112.16640153]
 [  55.16685598  113.57373206]
 [  55.72402096  123.15549274]
 [  55.29793636  138.20377261]
 [  56.77252303  150.10217307]
 [  52.33586483   93.61705895]]
classification accuracy 0.529650004133
confusion matrix:
[[     0 181617    484     62      0      0]
 [     0 310843   8530    747      0      0]
 [     0  60859  23345   2746      0      0]
 [     0  21414  19493  11844      0      0]
 [     0   6796   1950   1358      0      0]
 [     0   1020    133     66      0      0]]
class-wise:
[[ 0.624635   0.7786325  0.903785   0.9359275  0.8537975  0.77655  ]
 [ 0.7786325  0.629485   0.75175    0.8393025  0.67686    0.555405 ]
 [ 0.903785   0.75175    0.57396    0.6748475  0.4750625  0.3382925]
 [ 0.9359275  0.8393025  0.6748475  0.53235    0.3402925  0.23249  ]
 [ 0.8537975  0.67686    0.4750625  0.3402925  0.43421    0.390955 ]
 [ 0.77655    0.555405   0.3382925  0.23249    0.390955   0.501815 ]]
('ordering accuracy (max_delay=5000.0, 100% kept)', 0.73753400000000002)
ordering accuracy normalized by source IP (max delay=5000.0 ms, 55% kept): 0.669069890936
#### countries
[158.73559143218654, 164.67942489254619, 164.45894826746994]
[55.09499891992543, 63.458235369751293, 71.333879771383792] [] 0
[44.937537832199219, 48.268468695158099, 54.212592505351658] ['country1' 'country2'] 0.0625
L1, L2, relative errors (train) 44.9375378322 98.3083791507 27.2366300645
L1, L2, relative errors (test) 54.2125925054 117.230143023 45.1711060617
class-wise:
[[  54.32209696  113.12297739]
 [  54.08282128  118.97120128]
 [  54.36551039  116.58499843]
 [  54.52804658  123.89571632]
 [  53.71753887  106.99201674]
 [  51.6508216    86.63269317]]
classification accuracy 0.544230869311
confusion matrix:
[[  6816 174921    270    152      4      0]
 [  2315 304395  11521   1865     24      0]
 [   276  59911  20819   5843    101      0]
 [   112  21799   7059  23411    369      1]
 [    38   6755    771   2423    117      0]
 [     6   1016     70    121      6      0]]
class-wise:
[[ 0.549055   0.724345   0.843465   0.90134    0.80421    0.719105 ]
 [ 0.724345   0.59518    0.7023025  0.81043    0.6547675  0.5315275]
 [ 0.843465   0.7023025  0.57031    0.6870525  0.5012275  0.369035 ]
 [ 0.90134    0.81043    0.6870525  0.556305   0.360705   0.2465125]
 [ 0.80421    0.6547675  0.5012275  0.360705   0.447525   0.386235 ]
 [ 0.719105   0.5315275  0.369035   0.2465125  0.386235   0.49424  ]]
('ordering accuracy (max_delay=5000.0, 100% kept)', 0.69263799999999998)
ordering accuracy normalized by source IP (max delay=5000.0 ms, 55% kept): 0.640434473399
#### full
[158.73559143218654, 164.67942489254619, 164.45894826746994]
[55.09499891992543, 63.458235369751293, 71.333879771383792] [] 0
[43.417428873260654, 47.431706677132688, 55.301529521385035] ['distance'] 0
[43.41742887346355, 47.431706641504832, 55.301529453428849] ['type1'] 10.625
[43.417428873463734, 47.431706641505095, 55.301529453428749] ['type2'] 10.0
[43.417428873463734, 47.431706641505095, 55.301529453428749] ['type1' 'type2'] 10.0
[42.21652123432812, 46.084139819506426, 53.816527845099728] ['country1'] 14.125
[42.148023315877943, 45.931294490685787, 53.460732699943016] ['country2'] 17.625
[42.104854609898318, 45.773131935714559, 52.955390134141204] ['same_country'] 0.125
[41.112598523415876, 44.519966726367464, 50.423756244497731] ['country1' 'country2'] 1.875
[41.112598523414363, 44.519966726366945, 50.423756244500787] ['country1' 'country2' 'type1' 'type2'] 372588412938.0
[40.594066048746754, 44.024126448312678, 50.145417659185306] ['region1'] 75.0
[40.373279613806623, 43.790123838552134, 50.05726624307519] ['region2'] 65.1875
[40.202139722228829, 43.603999444641588, 49.79151591704786] ['same_region'] 0.125
[39.534563494461686, 43.394079491889208, 49.789271617151897] ['region1' 'region2'] 83.5
[38.847895078156078, 43.066247416501042, 49.670783183869503] ['city1'] 76.5
[38.369221473131205, 42.893342238275203, 49.65803456253267] ['city2'] 84.3125
[38.224122884952365, 42.782704455414915, 49.334736951688527] ['same_city'] 0.125
[35.792380927261348, 42.611239892613852, 49.449963231941808] ['city1' 'city2'] 33.875
[31.114198318087929, 42.360720396384629, 49.42440203933792] ['ip1'] 13.375
[28.349305765090655, 42.214889270919159, 49.411920679777879] ['ip2'] 14.1875
[26.89453708226376, 42.207354095709263, 49.408464182655329] ['ip1' 'ip2'] 21.875
L1, L2, relative errors (train) 26.8945370823 75.3875539796 14.6989596797
L1, L2, relative errors (test) 49.4084641827 112.853523739 41.1144659837
class-wise:
[[  49.41700744  114.50907808]
 [  49.5090322   114.12825805]
 [  49.31088117  106.92127165]
 [  48.71363499  110.54857791]
 [  50.53965301  103.75133324]
 [  49.51750835  110.67856504]]
classification accuracy 0.611563669982
confusion matrix:
[[ 70575 110461    949    178      0      0]
 [ 25864 273169  19127   1950     10      0]
 [  3306  46869  29887   6852     36      0]
 [  1310  15782   9652  25834    173      0]
 [   731   5133   1375   2782     83      0]
 [   142    803    134    136      4      0]]
class-wise:
[[ 0.600875   0.8010775  0.91228    0.9398475  0.8663875  0.805095 ]
 [ 0.8010775  0.645465   0.7538225  0.839715   0.68654    0.56053  ]
 [ 0.91228    0.7538225  0.578495   0.708255   0.507365   0.350055 ]
 [ 0.9398475  0.839715   0.708255   0.56281    0.35901    0.233075 ]
 [ 0.8663875  0.68654    0.507365   0.35901    0.435375   0.38078  ]
 [ 0.805095   0.56053    0.350055   0.233075   0.38078    0.49355  ]]
('ordering accuracy (max_delay=5000.0, 100% kept)', 0.74812100000000004)
ordering accuracy normalized by source IP (max delay=5000.0 ms, 55% kept): 0.681898071424
