# Launched by Pascal L. on 2013-07-25
# Data: iOS

##### constant
[401.45049465254345, 366.40821395842374, 357.55787150918826]
[176.90910680383132, 172.47962185887232, 169.40474846862489] [] 0
L1, L2, relative errors (train) 176.909106804 309.477558932 48.0778344093
L1, L2, relative errors (test) 169.404748469 283.693162568 68.3378665689
class-wise:
[[ 168.79158665  275.60285503]
 [ 168.95361224  284.29448333]
 [ 169.0930417   282.61221263]
 [ 169.94925193  284.50178344]
 [ 170.05380432  285.74348944]
 [ 168.15597619  279.374909  ]]
classification accuracy 0.312547629383
confusion matrix:
[[     0      0      0  10935      0      0]
 [     0      0      0  98194      0      0]
 [     0      0      0 109682      0      0]
 [     0      0      0 129601      0      0]
 [     0      0      0  51297      0      0]
 [     0      0      0  14951      0      0]]
class-wise:
[[ 0.514115  0.5       0.5       0.5       0.5       0.5     ]
 [ 0.5       0.504975  0.5       0.5       0.5       0.5     ]
 [ 0.5       0.5       0.50507   0.5       0.5       0.5     ]
 [ 0.5       0.5       0.5       0.502795  0.5       0.5     ]
 [ 0.5       0.5       0.5       0.5       0.50159   0.5     ]
 [ 0.5       0.5       0.5       0.5       0.5       0.50045 ]]
('ordering accuracy (max_delay=1000.0, 100% kept)', 0.50096121882547073)
('ordering accuracy (max_delay=5000.0, 100% kept)', 0.500946)
ordering accuracy normalized by source IP (max delay=1000.0 ms, 87% kept): 0.501477962823
ordering accuracy normalized by source IP (max delay=5000.0 ms, 87% kept): 0.501476028235

##### GeoIP distance
[401.45049465254345, 366.40821395842374, 357.55787150918826]
[176.90910680383132, 172.47962185887232, 169.40474846862489] [] 0
[169.96255608291705, 158.718469922601, 155.41636432025848] ['distance'] 0
L1, L2, relative errors (train) 169.962556083 313.131149274 39.4801522625
L1, L2, relative errors (test) 155.41636432 283.384048696 62.7818310534
class-wise:
[[ 153.62568173  279.30152011]
 [ 156.14861691  284.68522865]
 [ 156.14475703  285.84152655]
 [ 154.57239403  281.11715715]
 [ 154.69572328  282.25987116]
 [ 156.36164228  283.09754049]]
classification accuracy 0.331160468818
confusion matrix:
[[    0  1041  9891     3     0     0]
 [    0  1093 83589 13512     0     0]
 [    0   696 38288 70698     0     0]
 [    0   648 31015 97938     0     0]
 [    0   515 19047 31735     0     0]
 [    0   275  7086  7590     0     0]]
class-wise:
[[ 0.63024    0.8827075  0.95479    0.96698    0.94015    0.90225  ]
 [ 0.8827075  0.681575   0.79558    0.8561625  0.773035   0.684185 ]
 [ 0.95479    0.79558    0.618585   0.6156775  0.5106975  0.44422  ]
 [ 0.96698    0.8561625  0.6156775  0.467275   0.40515    0.3493325]
 [ 0.94015    0.773035   0.5106975  0.40515    0.478515   0.4403025]
 [ 0.90225    0.684185   0.44422    0.3493325  0.4403025  0.490405 ]]
('ordering accuracy (max_delay=1000.0, 100% kept)', 0.65334139752106335)
('ordering accuracy (max_delay=5000.0, 100% kept)', 0.65442999999999996)
ordering accuracy normalized by source IP (max delay=1000.0 ms, 87% kept): 0.619786145319
ordering accuracy normalized by source IP (max delay=5000.0 ms, 87% kept): 0.619693817337

##### Country pairs
[401.45049465254345, 366.40821395842374, 357.55787150918826]
[176.90910680383132, 172.47962185887232, 169.40474846862489] [] 0
[135.98164728071387, 128.61664701660476, 127.89500667829859] ['country1' 'country2'] 6.4375
L1, L2, relative errors (train) 135.981647281 286.244872423 27.371104
L1, L2, relative errors (test) 127.895006678 268.532057441 51.691811864
class-wise:
[[ 129.81708897  271.73985321]
 [ 128.76475786  269.69626975]
 [ 127.09378364  268.1392383 ]
 [ 127.23366496  265.76550571]
 [ 128.23514334  270.73452521]
 [ 131.22053574  277.50902529]]
classification accuracy 0.520057396421
confusion matrix:
[[    0 10815    94    26     0     0]
 [    0 64346 30500  3219   129     0]
 [    0 20741 53534 34919   487     1]
 [    0 10255 21513 91436  6377    20]
 [    0  6134  8947 29892  6297    27]
 [    0  2273  3240  8122  1282    34]]
class-wise:
[[ 0.546815   0.8567925  0.9633125  0.978445   0.9626425  0.9352525]
 [ 0.8567925  0.67891    0.8157675  0.918215   0.88474    0.845855 ]
 [ 0.9633125  0.8157675  0.62764    0.767915   0.741635   0.6801775]
 [ 0.978445   0.918215   0.767915   0.587805   0.52524    0.45237  ]
 [ 0.9626425  0.88474    0.741635   0.52524    0.46177    0.4370675]
 [ 0.9352525  0.845855   0.6801775  0.45237    0.4370675  0.51061  ]]
('ordering accuracy (max_delay=1000.0, 100% kept)', 0.7438989466095246)
('ordering accuracy (max_delay=5000.0, 100% kept)', 0.74451999999999996)
ordering accuracy normalized by source IP (max delay=1000.0 ms, 87% kept): 0.685145639428
ordering accuracy normalized by source IP (max delay=5000.0 ms, 87% kept): 0.684962941477

##### Full model
[401.45049465254345, 366.40821395842374, 357.55787150918826]
[176.90910680383132, 172.47962185887232, 169.40474846862489] [] 0
[169.96255608291705, 158.718469922601, 155.41636432025848] ['distance'] 0
[169.96255608290537, 158.71846992260515, 155.4163643202838] ['type1'] 5.91801138534e+16
[169.96255608287154, 158.71846992261445, 155.41636432031544] ['type2'] 1.14300830777e+17
[169.96255608286788, 158.71846992261555, 155.41636432031649] ['type1' 'type2'] 6.68784544665e+17
[151.75624652804203, 143.57098310061627, 141.39554749473967] ['country1'] 4095.5
[142.94358697537183, 133.82264467271449, 133.45967947883804] ['country2'] 42.5
[142.63822503896805, 133.50435642449028, 133.11002917343552] ['same_country'] 174249.0
[135.91302147539704, 127.94344591700499, 127.06102251767622] ['country1' 'country2'] 11.6875
[135.82355266468889, 127.94305718077273, 127.06349395726889] ['country1' 'country2' 'type1' 'type2'] 1292877.5
[135.11000679195823, 127.03651775622669, 126.35048207890449] ['region1'] 104.25
[132.95883960909003, 126.32966185454026, 126.18188388157597] ['region2'] 435.25
[132.88995967374782, 126.28190784576641, 126.09164573995578] ['same_region'] 1498.0
[131.11513573455559, 125.46694066672234, 125.31087106208295] ['region1' 'region2'] 130.4375
[130.59974548543281, 125.29250562052047, 125.18071636642371] ['city1'] 300.25
[129.64423063272795, 125.05508502053053, 124.99780232648391] ['city2'] 166.25
[129.6440515812366, 125.0746171866009, 125.01896571650992] ['same_city'] 0.125
[128.86763823093236, 125.01607624967419, 124.97451146995267] ['city1' 'city2'] 281.9375
[124.31992483463556, 124.82857617379244, 124.8911833323088] ['ip1'] 39.9375
[108.00306315511035, 124.47560472449088, 124.67977764231985] ['ip2'] 10.5625
[77.651493961043357, 124.44652363295135, 124.66015833742485] ['ip1' 'ip2'] 2.6875
L1, L2, relative errors (train) 77.651493961 173.261699347 15.4118494165
L1, L2, relative errors (test) 124.660158337 264.835958628 50.4627238494
class-wise:
[[ 124.3558896   266.84421414]
 [ 125.12377024  266.70223228]
 [ 124.97525263  266.23268286]
 [ 124.68344294  264.55078886]
 [ 123.94345605  260.06072112]
 [ 121.78343228  259.43951442]]
classification accuracy 0.540095499928
confusion matrix:
[[  150 10492   268    22     3     0]
 [   96 66841 27860  3246   150     1]
 [   15 16798 57868 34263   738     0]
 [    9  8638 21116 90229  9594    15]
 [    4  5140  9143 28159  8820    31]
 [    5  1963  3290  7682  1963    48]]
class-wise:
[[ 0.58894    0.834125   0.966055   0.9841925  0.97536    0.966955 ]
 [ 0.834125   0.68711    0.84175    0.9352725  0.90923    0.88413  ]
 [ 0.966055   0.84175    0.636605   0.78025    0.7559025  0.695075 ]
 [ 0.9841925  0.9352725  0.78025    0.59262    0.533795   0.460685 ]
 [ 0.97536    0.90923    0.7559025  0.533795   0.461935   0.441325 ]
 [ 0.966955   0.88413    0.695075   0.460685   0.441325   0.516125 ]]
('ordering accuracy (max_delay=1000.0, 100% kept)', 0.7577909554622303)
('ordering accuracy (max_delay=5000.0, 100% kept)', 0.75612999999999997)
ordering accuracy normalized by source IP (max delay=1000.0 ms, 87% kept): 0.6933560195
ordering accuracy normalized by source IP (max delay=5000.0 ms, 87% kept): 0.693007555265
